node_stack_top = 0.0, 73.4789, 0.0, 0.0, 1.0, 0.0, 5, 1
node_stack_bottom = 0.0, -0.02295, 0.0, 0.0, -1.0, 0.0, 5, 1
node_stack_node_stack_connect01 = -5.44647, 71.10204, -0.76545, -0.99027, 0.0, -0.13917, 4, 1
node_stack_node_stack_connect02 = 5.44647, 47.10204, 0.76545, 0.99027, 0.0, 0.13917, 4, 1
node_stack_CrewArmNode = 5.44647, 70.10204, 0.76545, 0.0, 1.0, 0.0, 4, 1, 1
node_attach = 5.44647, 47.10204, 0.76545, 0.0, 0.0, 0.0, 1, 1

attachRules = 1,0,1,1,0
